          AGE       SEX       BMI        BP        S1        S2        S3           S4        S5        S6
AGE  1.000000  0.173737  0.185085  0.335428  0.260061  0.219243 -0.075181     0.203841  0.270774  0.301731
SEX  0.173737  1.000000  0.088161  0.241010  0.035277  0.142637 -0.379090     0.332115  0.149916  0.208133  
BMI  0.185085  0.088161  1.000000  0.395411  0.249777  0.261170 -0.366811     0.413807  0.446157  0.388680
BP   0.335428  0.241010  0.395411  1.000000  0.242464  0.185548 -0.178762     0.257650  0.393480  0.390430
S1   0.260061  0.035277  0.249777  0.242464  1.000000  0.896663  0.051519     0.542207  0.515503  0.325717  
S2   0.219243  0.142637  0.261170  0.185548  0.896663  1.000000 -0.196455     0.659817  0.318357  0.290600  
S3  -0.075181 -0.379090 -0.366811 -0.178762  0.051519 -0.196455  1.000000    -0.738493 -0.398577 -0.273697
S4   0.203841  0.332115  0.413807  0.257650  0.542207  0.659817 -0.738493     1.000000  0.617859  0.417212  
S5   0.270774  0.149916  0.446157  0.393480  0.515503  0.318357 -0.398577     0.617859  1.000000  0.464669  
S6   0.301731  0.208133  0.388680  0.390430  0.325717  0.290600 -0.273697     0.417212  0.464669  1.000000


